-0.5026628316858144 -0.7785120456379429 -0.06597864025550826 0.543208244043965 0.31503778757296397 -0.13443479739801711 -0.29183247279926783 0.8877245522512702 -0.797467092889113 0.2849111106642108 
-0.9505267000741765 -0.6237620119946123 -0.3330669095209042 1.035840628153617 0.43804889419823184 0.3174100292716254 -0.4515181139072001 0.24596284061023593 0.4141870922070718 0.37956191448043686 
0.9111194784154559 -0.666835926065906 -0.7053332345572659 -0.06399943429019925 0.48555776516041044 -0.8097727900633197 0.5000594260226426 -0.2861281185480766 0.6698208883652931 0.9503255157156293 
0.08889028507203152 0.39572578040652795 0.20720357748314538 -0.8488847798506091 1.0059872093351436 0.558643658059143 0.711363850243822 -0.7446906862055681 0.031289405138556034 0.16743729229627385 
-0.4543496833435957 0.9875926999317448 0.38220885553500095 -0.22676903159672812 -0.1313321446680148 0.35081106021572417 0.3547633473550731 -0.05425063476630054 -0.5109625009405252 -0.2930317787886745 
0.05401308453550426 -0.6561546658324384 -0.30101668847555896 0.35743899969955784 -0.1934093919778888 -0.6858170319406727 0.9004342217848752 -0.8543847545874292 0.9460568416875613 0.05394737273843105 
0.28704470969058193 -0.8763443944540141 -0.7234861850286921 -0.7261117535042264 -0.7298670679920236 -0.3544578225683271 0.10203045989117834 -0.5337922987132703 0.988246055117586 1.2187063867059136 
0.5856046266066337 -0.6033614107230434 -0.820457552160688 -0.7497257984754512 -0.05934770118924141 0.9352682059485817 -0.18564491718952894 0.5003747683018331 0.8841776771039872 -0.568642047015424 
-0.01582904114193706 -0.35818211983804693 -0.8745810146790841 -0.060911360690794614 -0.27956621129045556 -0.22624994219571815 -0.259707609778134 -0.9847982646826646 0.23694260569146963 0.6731919858945496 
0.7129296267931022 0.5474079938360528 -0.8223061998478631 -0.9473159741364959 0.7725185313134075 -0.5480607261639372 0.7459250082010054 -0.04738497037784428 -0.39907551063181623 -0.7551377554215201 
-0.7840416799610296 -1.124465114392764 0.42496639357688865 -0.004291898628904168 0.5134881354027715 -0.0028008463642219873 -0.6825821832899253 -0.8911756351029971 -0.5043602975924839 -0.9920470966406593 
0.7749687483990157 -0.5165933811871006 0.07740437161624526 1.6006409627716214 0.10477956723221972 -0.7521706023360636 0.6378839031117939 0.2513171480899321 0.6874583830955606 -0.2866108715538498 
2.048129882754865 0.10680638084039945 2.428651142863113 -0.5901203109055096 -2.659036295449359 -1.3401031790348645 -1.362198180682273 -1.5688436462019177 -0.684529403592104 -3.135489601415765 
0.20468494319798097 0.8557574599668092 1.5349912288513758 0.7113056610151614 0.24075542010448245 -1.0747855669462207 -0.03539777363608837 0.056079090816819506 0.8656683994837352 -2.2686200360241915 
-0.20619518649018248 -0.5696649122077406 0.5391222260723861 -0.8430840257455208 -1.3905097488151115 0.7634665877340554 0.0798787558566285 -0.26703852731355254 -0.8714545804818071 -0.9786037173106497 
-0.61345152405926 -0.0016745980982525545 -0.24614718392096246 -0.9621161871618205 -0.465763629286218 1.4722935828695958 2.1225176514797917 -1.6679547033731605 -0.718192821235142 0.23994167473949113 
-0.7284494253261613 -0.32881020560902724 1.7810403311989982 -1.7772830388386256 1.1053006367205451 1.6285601092740376 1.1669342063666135 -1.9758420843251132 0.4822249235997751 1.2859331985516629 
-0.06921831393328984 -0.5478008933810753 0.5329233016126275 0.376430783399144 0.041389003401615054 0.6562218908440969 0.6966777816564933 -0.1807964689874734 -0.8746771884985894 -0.31243062186750226 
-0.22772250754186996 0.787292713200344 -0.911530219908585 0.44912959702738076 0.9223565440263397 0.7226932298963393 -0.3915019162890976 0.7452908455139449 0.28906303145413426 -0.17933964132300562 
-0.09977903418671337 0.1513679878927722 -0.06473041635073305 -0.4262249292906338 0.5787433691032192 -0.045918595684514334 -0.04694135211157159 0.04228828779818435 0.5754866141623256 -1.125067503250723 
0.9846941548421951 0.5159643361744898 0.33187778554027203 -1.006077437680975 -1.7527882878763523 0.9220080035356096 -0.07383165476719833 -0.04590795371536979 -0.7654543895871001 -0.08940892705866536 
-1.283914875553242 -1.5205139501371372 0.12217862716530635 -1.7873524810683126 -1.3099333378095726 1.2045177576916914 1.4121191348236277 -1.0019802586315874 -1.2782301695836737 -0.0130414110398133 
0.9717776334004499 0.7427111041133262 -0.7801444499630314 -0.2798383644054085 1.4019619633086122 0.6726740916409427 1.111306980155023 -0.2128602277233741 2.108764566771973 -1.189970412979614 
-0.2464306696137558 -1.0309391142945934 1.433521889139019 0.6003501008960879 0.4082724911105003 -1.471142017352784 -1.3059776182394396 1.0104202121287642 0.5981744708246609 -1.411799346816823 
-2.111807084955302 -0.9478599376743905 0.34620432816944346 1.029174248626534 -0.5504295312011703 -0.11441893856749578 -1.4180450383334162 1.0220259688958166 -0.7505833880583418 -0.2900139309189849 
-0.3648721723520317 -1.45992981619281 0.6747364270739326 -0.7120762795174224 2.0383967645794345 0.09993149154250416 0.9512759459891671 -0.3144459074179618 0.26260896803668476 0.22543418484657463 
-1.0125900173613076 -1.2379102075013446 1.42217779313068 -1.8852150309224662 0.4888588078966797 1.336325521723016 0.6104034192747999 -1.522974937687175 0.147126008873462 -0.8005857937824145 
0.5396867401617051 -0.8779935286743537 0.04347079109562135 -0.821890280499072 -0.767927742455121 -0.9202818926052572 -0.646537984556769 -0.07079406225625151 0.6477373883350461 -0.655523828070389 
0.30208501536637544 0.2776968451307113 -0.5798243888585105 -0.4684088628765154 0.2501548066437209 -0.3411330723083751 0.23502091803459801 -0.4906723621592586 -0.8696725260035704 -0.9806947288784659 
-0.2805493273183875 1.3059674244176191 -1.0217206720384644 -0.04582984707661375 -1.9489440027361038 -0.5651426483040544 0.444699463450901 -0.2839634124729393 -0.7223023951867523 1.5520462988400519 
1.5122002257912042 1.9070781884887937 0.07783776563692053 -1.8148934053176957 -0.4961563736497978 -0.7726286210065679 0.6959461416877465 -1.4729976867638952 0.13207212027202958 2.131323605823564 
1.6085522447746186 0.7282248074866962 -2.3593677388886833 0.4882322024316329 -0.007180213845227808 -0.7608743802868526 0.9679133946329959 0.8387385578763086 0.36998555773026953 1.2445246620068278 
0.138102847129154 -1.549648840191988 0.8633799374211618 0.8457340738348365 2.683144824965917 -0.9289114587539101 0.3275812129819218 -1.189942991624833 -0.2119769565585185 -0.7533139805987928 
-1.0681822009801845 0.8325785626819132 0.5467741027508695 2.5094409404112166 -1.3172684498359561 -0.04652018813264093 -0.5841800902794108 1.105810515415371 -0.2607877027466988 -0.22257325439712392 
0.05975883735162816 -1.3199210336195204 0.44534648957316 -0.5202079501592894 0.42182183771410464 -0.20608861960019065 0.09672668393878645 -1.0367304518183333 0.8102028754808946 1.2111871798535991 
-0.4673673807522892 -1.1280003638313816 -0.8300147708572535 -0.5704342227808172 0.9724537807397956 0.5578325715826528 0.2776299404418906 -0.8789246929168971 -0.12058802938131091 0.26580228188350635 
-0.15530723200892438 0.21281697843820657 -0.17647302671171405 -0.291494762195039 -0.5269737679171254 -0.42990749023384767 0.8006807900037061 -0.5346066409417459 -0.6994147774295019 0.500143158016793 
-0.07217665907721109 0.9727358443146553 -0.807391282388501 -0.8411121955021028 -0.5656550101409538 -0.6785651440579143 1.0345204512261326 0.8074155733662088 -0.6052566067928402 -0.16452211504106146 
-0.19314320513596367 0.4099180421280596 -1.695538252184878 0.04230569848368102 -1.062578830173779 -0.504878758524924 0.266534846639494 1.474774567494395 -0.9812114483074148 1.342075820174845 
-2.5166725534189207 1.825330610127266 -3.406858610838161 0.9658473163971609 -0.6714929833411112 2.655915321600822 2.5211599753635094 2.1672755161802124 -1.4491421657842585 0.6737423797463854 
-0.1051395318730684 -0.7240420232552832 -0.32231162801326974 -1.1871519601418672 0.5560891167468693 0.2948439692732141 2.392497201989389 0.7248848697861031 -0.8601926460346173 -0.07797856408647917 
-0.011499388409091113 0.5298761316342097 -1.517372356335291 1.6168403415233015 1.229907451254165 -1.081302136003717 0.9084707273667703 1.6768233050949302 0.9160775510945093 -0.19867205722000372 
-0.20298077962717576 0.6142632811784028 -0.8466957652340801 1.3299790660577269 0.2173892738424047 0.48696214906999447 -0.43957599622022214 -0.36915023015377574 -0.9468932774596146 -0.725135010544007 
-0.32652422846771006 -0.11010830565170684 1.5119209779223723 -0.1568711213822082 -1.3536859269994017 -0.023136381537694272 -0.27026659759088034 0.46640764133322166 -0.3951904170833395 0.31767064806595025 
0.059274669556463884 0.4635195658008008 0.53539092511982 -0.08477952434992377 -0.7363322413802214 0.18555325988687368 0.2978639613640812 0.09012980110490802 0.9359118585703329 0.5597518230464802 
-0.09039840711764913 0.3609388169650636 -0.9519309922828949 -0.2529443945982235 -0.30376687613491293 -0.3453926962546039 -0.8273342530370383 -0.851179474895438 0.3369571945336447 -0.26215542632255495 
0.5755848811763979 0.15940671556046104 0.29481293194541053 0.5872735452938758 -0.481325574280415 -0.007328553385129797 0.7201994811096527 0.5559661952443128 0.6414878412608513 -0.09374699765069511 
-1.146470473629135 0.40222239265021364 0.25045669873131415 -0.9786275321651859 -0.49489166442218174 0.3408945024421517 -1.0167246730904864 0.11313978918121069 -0.660170434048268 3.130866324040614 
-1.3785678247362847 1.132997177300303 -0.2706586021796583 -1.4143020591739468 2.14397671784211 0.9698865009841963 0.1620921980990511 -1.1120423648072586 0.15950775438110526 2.553800294789244 
-0.7663169039286075 -0.9708961155143189 -0.23327422812684867 2.077468949794441 1.730217668727696 1.049635820525364 -0.1502601672010138 0.8709731027084393 -0.16041972066331742 -0.8854791389278452 
0.9207509432624112 1.1941136082743935 -0.4628243999519683 1.5936361518315432 1.1394146387854274 -0.30289099929615154 -0.42357003861685294 0.7895376344675383 -0.15439534236290509 -0.28180341425279715 
-2.425655636754392 -1.8737763069455917 -0.8434442685572734 1.0615108453541084 1.115641275182239 0.9523069238093528 0.0768278702945081 1.3577543064598996 -1.0445425746848631 -0.7394074766284287 
-0.9007850739188455 -0.1632255656657322 1.2965440096908818 -0.6911308325694817 0.3272420483833837 0.22790396673802524 -1.1007296613944364 0.42635842618663056 0.8099018337685308 0.41544593976821836 
0.45437112393517015 -0.6513862957762663 0.06909674153208768 0.2868258688603722 -0.154545854458229 -0.27989960967984717 -0.43665476964699 0.14566838006601318 0.8643873855292971 0.7462183585144203 
0.504167173758227 0.2020268101254603 -0.43980136767020517 -0.2582881819728241 0.4622551395847718 -0.9041488738284208 0.9017820534770293 -0.010471415245193683 0.4257606861301515 0.24770478496686787 
-0.25957620853164926 0.13231840849524615 0.22762814818100396 0.5831764328275278 -0.011735981149215759 -0.28678953616484837 -0.9250457108786624 0.37511615993818775 0.17702494297878224 0.7863716078993344 
-0.5113887525542896 0.4530637965932006 1.423655010012487 -0.7500467582582033 0.28037556595429475 0.6611690653671672 1.0094447384379375 -2.3896242024912366 -0.2401502433344868 0.6153764692396836 
-0.04445602311022871 2.094366542933254 0.9983245014094265 -2.7499191964938015 -1.1087575275999633 0.36443634788880425 -1.757865126105035 -1.2030209402361363 -1.4368832381015622 2.8970540222477057 
0.854884325285355 1.7572336761145297 1.2815295515487104 -1.3889401813172493 -0.32714536623631435 -0.8105299139055742 -0.2554939461471553 -0.38423408051767816 -0.07616379306679123 1.2842636274708026 
-0.20401970507885217 0.9219396965611392 0.14599316663524436 -0.26986364049423933 -0.3236388935467252 -0.7751828951940873 0.4367132230429258 -0.5778191825048524 0.7014219742229576 -0.9101796610066046 
-2.982492969134691 0.35335124937733103 0.637805354725444 1.4279204753193522 0.5652573186572906 -0.570126392701879 -1.5115776776715988 2.2650950863852697 -0.5144980163539079 1.273379124709147 
-0.8261821956955996 1.0736530216030018 -0.5507835443026305 0.58410565573217 -1.6552964216022181 -0.46877881421624157 -0.2631623432759108 0.09773695163525022 0.2985610956303883 1.2601100612663532 
-0.952462135511171 -0.11296413692367568 0.5690125993080931 0.10577508908192486 0.604222226125594 -0.6895018938072354 0.46977551024427366 -0.5619175962971715 0.10203494631082062 -0.6038287001925169 
0.42021962693902637 0.17879253960158326 0.8472750037197372 -0.4920647980142686 0.6207193013377112 0.6685952151513637 0.8960066297538609 -0.5473486276098287 -0.29678744324333384 -0.25637910107913386 
0.33593721768647156 -0.9758694740811737 -0.9600893520367104 0.13608638197484968 0.6780890862937969 0.47598240067690467 -0.688373640886415 -0.2622311159167758 -0.9859779387563262 -0.6317739502897757 
0.6177718312573738 0.37103129727829076 0.7594580992728681 0.30849173419699394 -1.3203349111136213 0.2511288780708547 -1.1070496347108734 -0.32411916705356175 0.6674047193931426 0.653532892147757 
0.07268511862067012 -0.9420077303820388 3.070194360735614 -1.4696393184982093 -0.339871823107391 0.5612073026178769 0.3158512178072457 -2.2522474312696548 -0.029124559159604782 -0.9748385271003389 
0.5283643807324537 0.4957722534096803 1.7726011739156615 -0.9838012680164776 -2.1147460329475085 1.3490856620232266 -0.10882277406928619 -0.7298633324851738 0.3856772647700753 -2.0944204423663857 
1.0789279944568317 0.5038670311667597 -0.14422060403227302 -0.3397053726901003 -0.2653815792701422 -1.6544672074623938 -0.5193954114890752 -0.31256188565264165 -0.8888872610794734 -0.4335935455074318 
1.329586103691925 1.2832409208142568 -1.4395852619860052 -0.829910432307094 -1.1575683923667401 0.6944708019209223 -0.24224014205872169 0.8943403394839889 -0.07931840472307877 -2.017525765956116 
-0.3682523490644872 2.0640993869078037 0.06326666686782254 0.5617924036990078 -0.30397257877852973 -0.005675060001599427 0.8453914686412015 -0.37670797232802583 0.15987042720670386 -1.3454161104438236 
-0.536967264799417 0.7175279506046682 -0.12295798799534559 0.42455684689137724 1.0019185703378177 0.3134455886023444 0.6941532178706973 0.12767912824961655 0.30324277493370494 0.9532714756527846 
0.684342155086036 -0.08518036226051873 0.7924105132894639 0.42933614246050644 0.04423557456780025 0.8650659936783212 0.943518429968282 -0.0773181622276633 0.8073135762509487 -0.039568217024006036 
0.6117465093786578 -0.12399911001510877 -0.23826510982507143 0.3582105214512956 0.9314702236705787 0.9499459340935321 0.6897560235530864 -0.003855193501270948 0.6361451910976996 0.9287701965909312 
-0.4634792888090085 -0.9566195923372969 -0.305912766214431 -0.9763115803776933 1.128419052869073 0.6820691598593045 -0.8140746990091375 -0.004276278408565429 0.12001704995289789 0.7693133760403984 
0.04368890206343674 -0.5738032106070597 0.11677119010910729 0.7076025931999883 -0.2058219815963991 -0.010935556718992878 -1.2040011976985516 0.6724220410258371 -0.6243337209514058 0.4105601764867407 
-0.5627106484191631 -1.7486323650963025 0.928493682434418 -0.09131982402229154 0.17899423732097017 0.31049290783331857 -0.158474855241644 0.9186606629333175 0.7004792112683029 0.7922448053667348 
-0.03260854771796053 -0.9570927134607973 0.748554661399622 0.6290357009295695 0.43025457639214165 0.3031220167882068 -1.0197158972245648 0.6484709062326113 0.5501988397144697 0.19188947319482194 
0.5993954232732333 -0.28492041124514383 0.32368664884896714 -1.378411819985734 0.9862672383970824 0.21606748394477496 0.20074885103286985 -0.5134966697172948 -0.46090224068119817 -0.15316766943402035 
0.5407787313859178 -0.882824767061087 -1.3585327392257316 -1.045742550411636 0.21392285251143994 -0.1987526062786661 0.96028878046417 -0.596618976630257 0.4780015994417055 -2.0221156202480977 
-0.599299990648794 -0.6232475517451664 0.20736259988665035 0.2054712645085667 -0.863261060626346 -0.057137563677144974 0.6245325710947662 0.1515864965697842 -0.6371652162711351 0.4135044116859608 
